,dep,anx,ptsd,panic,suicide,alcohol,sleep
dep,1.0,0.673,0.618,0.408,0.519,0.172,0.568
anx,0.673,1.0,0.639,0.555,0.349,0.141,0.491
ptsd,0.618,0.639,1.0,0.472,0.393,0.184,0.535
panic,0.408,0.555,0.472,1.0,0.283,0.064,0.329
suicide,0.519,0.349,0.393,0.283,1.0,0.18,0.242
alcohol,0.172,0.141,0.184,0.064,0.18,1.0,0.131
sleep,0.568,0.491,0.535,0.329,0.242,0.131,1.0
